Linear fit method results:
 VA=-12024.3+/-391.758mV   VCE/IC=414.023+/-11.6645 V/A
g=0.00241533+/-6.80481e-05
