Linear fit method results:
 VA=-12016.1+/-391.779mV   VCE/IC=413.585+/-11.6653 V/A
g=0.00241789+/-6.81976e-05
